1 0.3095703125 0.095703125 0.0419921875 0.0751953125
1 0.34765625 0.1142578125 0.052734375 0.119140625
1 0.3837890625 0.12890625 0.048828125 0.1083984375
1 0.423828125 0.119140625 0.052734375 0.0927734375
1 0.4755859375 0.1318359375 0.083984375 0.1162109375
1 0.5244140625 0.203125 0.060546875 0.1044921875
1 0.5908203125 0.2490234375 0.0546875 0.1484375
1 0.6376953125 0.251953125 0.0478515625 0.1123046875
1 0.689453125 0.3017578125 0.060546875 0.1181640625
1 0.3486328125 0.369140625 0.0673828125 0.076171875
1 0.40625 0.4052734375 0.056640625 0.0830078125
1 0.470703125 0.404296875 0.0810546875 0.06640625
1 0.533203125 0.46484375 0.052734375 0.1162109375
1 0.5849609375 0.5087890625 0.0751953125 0.1220703125
1 0.6474609375 0.5419921875 0.056640625 0.1416015625