1 0.3115234375 0.115234375 0.056640625 0.0859375
1 0.3623046875 0.1337890625 0.056640625 0.08984375
1 0.4052734375 0.1669921875 0.0546875 0.1240234375
1 0.48046875 0.1572265625 0.109375 0.1181640625
1 0.5400390625 0.248046875 0.0595703125 0.107421875
1 0.591796875 0.2685546875 0.0771484375 0.1240234375
1 0.6611328125 0.314453125 0.076171875 0.1513671875
1 0.353515625 0.3857421875 0.0478515625 0.0732421875
1 0.396484375 0.412109375 0.044921875 0.0888671875
1 0.4384765625 0.4267578125 0.0517578125 0.0791015625
1 0.4970703125 0.431640625 0.0556640625 0.10546875
1 0.529296875 0.4794921875 0.0498046875 0.109375
1 0.583984375 0.5146484375 0.0498046875 0.1123046875
1 0.625 0.53515625 0.05859375 0.1044921875
1 0.6630859375 0.568359375 0.056640625 0.1015625