1 0.298828125 0.0712890625 0.052734375 0.0712890625
1 0.3505859375 0.083984375 0.060546875 0.1015625
1 0.3935546875 0.0947265625 0.0595703125 0.091796875
1 0.4609375 0.09765625 0.0888671875 0.1181640625
1 0.53125 0.173828125 0.0546875 0.130859375
1 0.591796875 0.1875 0.0830078125 0.1162109375
1 0.6640625 0.224609375 0.044921875 0.10546875
1 0.708984375 0.2490234375 0.072265625 0.1279296875
1 0.34765625 0.3623046875 0.0634765625 0.091796875
1 0.4072265625 0.3974609375 0.0751953125 0.099609375
1 0.4794921875 0.384765625 0.0830078125 0.1025390625
1 0.548828125 0.4775390625 0.0732421875 0.0986328125
1 0.62109375 0.505859375 0.05859375 0.115234375
1 0.671875 0.5380859375 0.048828125 0.134765625